{
  "height": 20,
  "width": 107,
  "x": 1120.9124755859375,
  "y": 1069.362548828125
}