{
  "height": 36,
  "width": 219,
  "x": 611.3500366210938,
  "y": 12.762499809265137
}