{
  "height": 20,
  "width": 107,
  "x": 1120.9124755859375,
  "y": 977.9750366210938
}