{
  "height": 20,
  "width": 107,
  "x": 1120.9124755859375,
  "y": 945.4000244140625
}