{
  "height": 36,
  "width": 219,
  "x": 611.3500366210938,
  "y": -117.63750457763672
}