{
  "height": 20,
  "width": 107,
  "x": 1077.3875732421875,
  "y": 1045.362548828125
}