{
  "height": 36,
  "width": 219,
  "x": 624.6625366210938,
  "y": 14.362500190734863
}