{
  "x": 1306.5999755859375,
  "y": 1026.1666259765625,
  "width": 93.29998779296876,
  "height": 40
}