{
  "height": 40,
  "width": 93,
  "x": 1282.5875244140625,
  "y": 1001.0875244140625
}