{
  "height": 36,
  "width": 219,
  "x": 611.3500366210938,
  "y": 14.362500190734863
}