{
  "height": 20,
  "width": 107,
  "x": 1120.9124755859375,
  "y": 929.2374877929688
}